<?xml version="1.0"?>
<opencv_storage>
<calibration_Time>"10/19/15 15:03:34"</calibration_Time>
<nrOfFrames>10</nrOfFrames>
<image_Width>640</image_Width>
<image_Height>480</image_Height>
<board_Width>9</board_Width>
<board_Height>6</board_Height>
<square_Size>30.</square_Size>
<FixAspectRatio>1.</FixAspectRatio>
<flagValue>14</flagValue>
<Camera_Matrix type_id="opencv-matrix">
  <rows>3</rows>
  <cols>3</cols>
  <dt>d</dt>
  <data>
    7.2957532932520610e+002 0. 3.1950000000000000e+002 0.
    7.2957532932520610e+002 2.3950000000000000e+002 0. 0. 1.</data></Camera_Matrix>
<Distortion_Coefficients type_id="opencv-matrix">
  <rows>5</rows>
  <cols>1</cols>
  <dt>d</dt>
  <data>
    -7.0335037155706603e-001 8.9328600963980289e+000 0. 0.
    -5.8475179212029765e+001</data></Distortion_Coefficients>
<Avg_Reprojection_Error>1.2744467745123356e+000</Avg_Reprojection_Error>
<Per_View_Reprojection_Errors type_id="opencv-matrix">
  <rows>10</rows>
  <cols>1</cols>
  <dt>f</dt>
  <data>
    1.23484325e+000 1.20068049e+000 1.22498178e+000 1.46113002e+000
    1.40998805e+000 1.60978305e+000 1.12569773e+000 1.13167024e+000
    1.12652922e+000 1.11525071e+000</data></Per_View_Reprojection_Errors>
<Extrinsic_Parameters type_id="opencv-matrix">
  <rows>10</rows>
  <cols>6</cols>
  <dt>d</dt>
  <data>
    -8.0115458210147628e-001 1.9000985189102402e-002
    -8.3660145679417236e-002 -1.2829468435091178e+002
    -8.1015550418152628e+001 6.9333497059546494e+002
    -8.0394796316342509e-001 1.9610310761455942e-002
    -8.6382652908348248e-002 -1.2765275419961317e+002
    -8.0475198329012045e+001 6.9325270313137332e+002
    -8.0160251658389947e-001 1.5507802350078700e-002
    -8.1398596066089540e-002 -1.2847506841774188e+002
    -8.2781633078676720e+001 6.9273344023673542e+002
    -8.4091994731350950e-001 5.5657616080568767e-002
    -4.3841139966992446e-002 -8.9406323174351414e+001
    -6.1577712029812133e+001 7.0256627422380677e+002
    -8.3969601097772595e-001 5.0035593996509642e-002
    -4.4618529119292490e-002 -9.3868922500251429e+001
    -6.1758553732691745e+001 7.0149562701426566e+002
    -8.1262367966624283e-001 9.0480530380462942e-002
    -2.0579150686381037e-001 -1.4389725308342111e+002
    -4.8630820828170748e+001 6.9623251543396020e+002
    -6.7897145108386858e-001 -2.3766723790449303e-002
    2.1823251992441992e-002 -1.1741687554823197e+002
    -1.7366024850854544e+002 6.6658745007984658e+002
    -6.7989828282916331e-001 -2.1131486427433354e-002
    2.3663858456885442e-002 -1.1671628797761093e+002
    -1.7295498840762465e+002 6.6784413587095230e+002
    -6.8366684273041523e-001 -2.0935947909523522e-002
    2.2925282948483495e-002 -1.1647762181026380e+002
    -1.7066549720589367e+002 6.6882920738944256e+002
    -6.8396034515386017e-001 -2.1680943870997362e-002
    2.4250321521745419e-002 -1.1634914482724685e+002
    -1.7058719072108025e+002 6.6912844105320517e+002</data></Extrinsic_Parameters>
<Image_points type_id="opencv-matrix">
  <rows>10</rows>
  <cols>54</cols>
  <dt>"2f"</dt>
  <data>
    1.87218536e+002 1.55672302e+002 2.17829391e+002 1.52655273e+002
    2.48489349e+002 1.49577377e+002 2.79570801e+002 1.46299042e+002
    3.10517090e+002 1.42810532e+002 3.41135315e+002 1.41199997e+002
    3.72333344e+002 1.40523148e+002 4.03075928e+002 1.39614792e+002
    4.33721344e+002 1.38041260e+002 1.85030334e+002 1.76458939e+002
    2.16739441e+002 1.72991180e+002 2.48376389e+002 1.69495224e+002
    2.80580627e+002 1.65710526e+002 3.11686401e+002 1.62341934e+002
    3.44032288e+002 1.60436920e+002 3.76201385e+002 1.59481003e+002
    4.07963379e+002 1.58366913e+002 4.39544067e+002 1.57414886e+002
    1.82507477e+002 1.97471207e+002 2.15181519e+002 1.93848831e+002
    2.48310699e+002 1.90350601e+002 2.81411499e+002 1.86462189e+002
    3.13988586e+002 1.82452225e+002 3.46915131e+002 1.81093063e+002
    3.80076599e+002 1.79601318e+002 4.12958801e+002 1.78691254e+002
    4.45915466e+002 1.76380066e+002 1.80286163e+002 2.19198181e+002
    2.14305817e+002 2.15542847e+002 2.48068558e+002 2.12117325e+002
    2.82047394e+002 2.08545303e+002 3.16451965e+002 2.04859009e+002
    3.50214478e+002 2.02516479e+002 3.84473022e+002 2.01262192e+002
    4.18651703e+002 1.99530365e+002 4.52697876e+002 1.97215210e+002
    1.77377075e+002 2.44099213e+002 2.12498657e+002 2.40055679e+002
    2.47911499e+002 2.36507874e+002 2.83492004e+002 2.32991425e+002
    3.18508026e+002 2.29521729e+002 3.53429352e+002 2.25701935e+002
    3.89444489e+002 2.23464355e+002 4.24725403e+002 2.21022141e+002
    4.60193817e+002 2.18974976e+002 1.74320694e+002 2.68766357e+002
    2.11461914e+002 2.65542328e+002 2.47681915e+002 2.62114899e+002
    2.84524506e+002 2.58864838e+002 3.20598419e+002 2.55350693e+002
    3.57414154e+002 2.51581207e+002 3.94458160e+002 2.48761993e+002
    4.31210907e+002 2.45529816e+002 4.67994690e+002 2.43367874e+002
    1.87563507e+002 1.56515701e+002 2.18332870e+002 1.53365021e+002
    2.49253174e+002 1.49722855e+002 2.80447083e+002 1.46555878e+002
    3.11024078e+002 1.43182785e+002 3.41625488e+002 1.41445038e+002
    3.72730804e+002 1.40552383e+002 4.03686859e+002 1.39512283e+002
    4.34459015e+002 1.37741287e+002 1.85673492e+002 1.77264999e+002
    2.17525513e+002 1.73338943e+002 2.48980453e+002 1.69900650e+002
    2.81140961e+002 1.66176788e+002 3.13320679e+002 1.62353592e+002
    3.44672729e+002 1.60481079e+002 3.76729279e+002 1.59472626e+002
    4.08553864e+002 1.58405289e+002 4.40441162e+002 1.57203949e+002
    1.83574829e+002 1.97596603e+002 2.16277710e+002 1.94071182e+002
    2.48773056e+002 1.90549744e+002 2.81804535e+002 1.86569366e+002
    3.14743561e+002 1.82468109e+002 3.47523773e+002 1.81100891e+002
    3.81041199e+002 1.79522263e+002 4.13847900e+002 1.78486267e+002
    4.46699585e+002 1.75918396e+002 1.81123062e+002 2.19339279e+002
    2.14930222e+002 2.15954453e+002 2.48723099e+002 2.12359116e+002
    2.83325317e+002 2.08604309e+002 3.17134888e+002 2.04973206e+002
    3.51105286e+002 2.02479477e+002 3.85429901e+002 2.01094193e+002
    4.19652496e+002 1.99372864e+002 4.53674316e+002 1.97077866e+002
    1.78689713e+002 2.44432831e+002 2.13769043e+002 2.40310898e+002
    2.48718338e+002 2.36547760e+002 2.84501160e+002 2.32993652e+002
    3.19745483e+002 2.29482788e+002 3.54685699e+002 2.25531281e+002
    3.90479126e+002 2.23433960e+002 4.25678772e+002 2.20773087e+002
    4.61016418e+002 2.18489273e+002 1.75393387e+002 2.68895386e+002
    2.12303955e+002 2.65572693e+002 2.48639740e+002 2.62268066e+002
    2.85651459e+002 2.58791229e+002 3.22407135e+002 2.55145630e+002
    3.58438568e+002 2.51567841e+002 3.95352966e+002 2.48442581e+002
    4.32365570e+002 2.45454132e+002 4.69034943e+002 2.42622833e+002
    1.86685837e+002 1.54425903e+002 2.17582062e+002 1.50815811e+002
    2.48379959e+002 1.48449814e+002 2.79419617e+002 1.44646683e+002
    3.10336121e+002 1.41446960e+002 3.41070068e+002 1.39926346e+002
    3.72323822e+002 1.39416977e+002 4.02884186e+002 1.38193771e+002
    4.33664459e+002 1.37230576e+002 1.84862274e+002 1.74517090e+002
    2.16415024e+002 1.70732956e+002 2.48220428e+002 1.67408203e+002
    2.80350800e+002 1.63933395e+002 3.11562195e+002 1.60869431e+002
    3.43838593e+002 1.58619980e+002 3.76013702e+002 1.58277969e+002
    4.07823456e+002 1.57369644e+002 4.39358063e+002 1.56082474e+002
    1.82346085e+002 1.95558945e+002 2.14999374e+002 1.91895172e+002
    2.47804031e+002 1.88294281e+002 2.80974579e+002 1.84958679e+002
    3.14016022e+002 1.81403152e+002 3.46762360e+002 1.79391357e+002
    3.79875275e+002 1.78523621e+002 4.12661896e+002 1.77272171e+002
    4.45779694e+002 1.75438217e+002 1.79571213e+002 2.17383743e+002
    2.13705856e+002 2.14448486e+002 2.47685623e+002 2.10523148e+002
    2.81695160e+002 2.06527496e+002 3.16323364e+002 2.03089310e+002
